[ 0, 12,  8, 21,  5, 14,  3,  9, 17,  6],
[12,  0, 19,  7, 23,  4, 16, 28, 11, 20],
[ 8, 19,  0, 13,  9, 25,  7, 14, 22, 10],
[21,  7, 13,  0, 18, 11, 24,  6, 15, 27],
[ 5, 23,  9, 18,  0, 31, 12, 26,  8, 19],
[14,  4, 25, 11, 31,  0, 18, 13, 29,  7],
[ 3, 16,  7, 24, 12, 18,  0, 22, 10, 25],
[ 9, 28, 14,  6, 26, 13, 22,  0, 33, 16],
[17, 11, 22, 15,  8, 29, 10, 33,  0, 14],
[ 6, 20, 10, 27, 19,  7, 25, 16, 14,  0]
