//Есть множество n предприятий, которые могут быть расположены в n местах.Для каждой пары мест задано расстояние и для каждой пары производств задано количество материала, перевозимого между двумя производствами. Требуется расставить производства по местам(одно место одно производство) таким образом, что сумма расстояний, умноженных на соответствующие потоки, будет минимальной. Решить задачу для N=10 и N=15, N - количество вершин.

const int D[10][10] = {
    { 0, 23, 45, 18, 37, 29, 51, 42, 33, 26},
    {23,  0, 31, 40, 19, 38, 27, 53, 44, 35},
    {45, 31,  0, 52, 41, 17, 39, 28, 50, 46},
    {18, 40, 52,  0, 25, 47, 36, 21, 12, 30},
    {37, 19, 41, 25,  0, 33, 22, 48, 39, 24},
    {29, 38, 17, 47, 33,  0, 44, 32, 43, 38},
    {51, 27, 39, 36, 22, 44,  0, 19, 28, 41},
    {42, 53, 28, 21, 48, 32, 19,  0, 15, 27},
    {33, 44, 50, 12, 39, 43, 28, 15,  0, 18},
    {26, 35, 46, 30, 24, 38, 41, 27, 18,  0}
};

const int F[10][10] = {
    { 0, 12,  8, 21,  5, 14,  3,  9, 17,  6},
    {12,  0, 19,  7, 23,  4, 16, 28, 11, 20},
    { 8, 19,  0, 13,  9, 25,  7, 14, 22, 10},
    {21,  7, 13,  0, 18, 11, 24,  6, 15, 27},
    { 5, 23,  9, 18,  0, 31, 12, 26,  8, 19},
    {14,  4, 25, 11, 31,  0, 18, 13, 29,  7},
    { 3, 16,  7, 24, 12, 18,  0, 22, 10, 25},
    { 9, 28, 14,  6, 26, 13, 22,  0, 33, 16},
    {17, 11, 22, 15,  8, 29, 10, 33,  0, 14},
    { 6, 20, 10, 27, 19,  7, 25, 16, 14,  0}
};
