 0, 23, 45, 18, 37, 29, 51, 42, 33, 26,
23,  0, 31, 40, 19, 38, 27, 53, 44, 35,
45, 31,  0, 52, 41, 17, 39, 28, 50, 46,
18, 40, 52,  0, 25, 47, 36, 21, 12, 30,
37, 19, 41, 25,  0, 33, 22, 48, 39, 24,
29, 38, 17, 47, 33,  0, 44, 32, 43, 38,
51, 27, 39, 36, 22, 44,  0, 19, 28, 41,
42, 53, 28, 21, 48, 32, 19,  0, 15, 27,
33, 44, 50, 12, 39, 43, 28, 15,  0, 18,
26, 35, 46, 30, 24, 38, 41, 27, 18,  0,
